           Date Hour Minute     Second        Price   Volume isNoise
591    20140804   10     00  14.278890      1605.34  -208506       T
858    20140803   10     00  14.096783      1592.13   409123       T
1887   20140803   10     00  16.385589      1388.14   170451       T
2687   20140804   10     00  17.801143      1419.04   706094       T
2886   20140804   10     00  18.825250      1301.45  -587649       T
3683   20140804   10     00  18.265677   -987314.60   703313       T
4077   20140804   10     00  19.730997   -787199.50   295839       T
4225   20140804   10     00  19.796967  -1141693.70   440312       T
8826   20140804   10     00  24.883342      1570.01  -451295       T
9585   20140804   10     00  25.942234      1479.19  -704006       T
10296  20140804   10     00  26.696240      1621.25    73361       T
11604  20140804   10     00  27.037974      1790.32   150815       T
12704  20140804   10     00  29.511367   -814639.57    25252       T
13756  20140804   10     00  30.784881      1159.18   308620       T
14179  20140804   10     00  30.338690      1255.16   322014       T
14315  20140804   10     00  30.966230      1235.66   351952       T
14529  20140803   10     00  31.676714      1440.54   115278       T
16310  20140804   10     00  33.265384      1557.54    87428       T
18141  20140804   10     00  35.986305  -1055792.35   171155       T
20539  20140804   10     00  38.319923      1445.01   147066       T
21164  20140804   10     00  39.234005   -915263.37   654373       T
21702  20140804   10     00  39.649653      1056.09  -265416       T
21785  20140804   10     00  39.669518   -861071.91    93101       T
21906  20140803   10     00  39.135529      1325.67    37239       T
22335  20140804   10     00  40.605487      1578.07    66423       T
22579  20140804   10     00  40.270009      1103.63   626945       T
24765  20140804   10     00  42.361082      1518.44  -472143       T
26569  20140804   10     00  45.111346  -1040289.40    77847       T
30575  20140804   10     00  48.896165      1555.94   707226       T
31535  20140804   10     00  50.784994       868.11  -439021       T
31714  20140804   10     00  50.651063      1117.70     7070       T
32147  20140804   10     00  50.904731   -856717.92   529657       T
32614  20140804   10     00  51.902826      1304.98   227670       T
33785  20140804   10     00  52.298736      1059.40    38932       T
33789  20140804   10     00  52.936898      1139.33   416065       T
35830  20140804   10     00  55.745438      1089.67     3359       T
39037  20140804   10     00  59.030374      1211.74   447896       T
39077  20140804   10     00  59.650091      1278.41   173119       T
41186  20140804   10     01  01.378662      1635.59   480873       T
42042  20140803   10     01  02.663467      1391.61   112859       T
42378  20140804   10     01  03.529494      1497.71  -242954       T
43089  20140804   10     01  03.411707      1235.05   655622       T
45378  20140804   10     01  06.359545      1838.03   603455       T
46555  20140804   10     01  07.433276      1157.77   599008       T
46993  20140804   10     01  08.649396  -1113947.55   622516       T
48091  20140804   10     01  09.375760      1487.21   621144       T
49134  20140804   10     01  10.134656      1743.99   239480       T
49372  20140804   10     01  11.526444      1135.20   457648       T
49869  20140804   10     01  11.837259  -1463842.90   718251       T
50203  20140803   10     01  12.404441      1160.07   706245       T
50581  20140804   10     01  12.504526      1277.67   114652       T
51093  20140804   10     01  13.793962      1241.45  -449324       T
51766  20140804   10     01  14.893973      1647.46   106277       T
52473  20140804   10     01  15.092850   -916801.42   204749       T
52663  20140804   10     01  15.999770   -993803.50   447207       T
52833  20140804   10     01  15.032448      1742.28  -477496       T
53206  20140804   10     01  15.654239      1062.05  -654387       T
55428  20140804   10     01  18.929366      1216.20   407778       T
55810  20140804   10     01  18.960339   -764901.57    79829       T
57343  20140804   10     01  20.759587      1259.72   104752       T
59546  20140804   10     01  23.469892      1301.03   459082       T
59564  20140804   10     01  23.114682      1525.76   392283       T
60871  20140804   10     01  24.035949  -1037106.17   111480       T
61606  20140803   10     01  25.395893      1838.64   183604       T
62075  20140804   10     01  26.661494      1153.27   430344       T
62828  20140804   10     01  27.190468      1022.30   379979       T
65447  20140804   10     01  30.089047      1267.49   183340       T
65920  20140804   10     01  31.756252       932.21    45190       T
66451  20140804   10     01  31.789128       946.41  -454715       T
67057  20140804   10     01  32.670528      1411.64   -12246       T
67157  20140804   10     01  32.232808       947.30   343029       T
67620  20140803   10     01  33.435452      1693.80   694739       T
68345  20140804   10     01  34.706537      1399.11   647696       T
68580  20140804   10     01  34.651147      1032.97   582552       T
69821  20140804   10     01  35.510469      1488.21   601790       T
69858  20140804   10     01  35.005283      1247.36  -714867       T
69865  20140804   10     01  35.023373       951.97  -328522       T
69947  20140804   10     01  36.717691  -1001692.71   394108       T
70932  20140803   10     01  37.780117      1478.65   551509       T
71598  20140804   10     01  39.888849      1662.55   360569       T
71958  20140804   10     01  39.765973      1433.09    22331       T
72979  20140804   10     01  40.555941      1106.07  -577118       T
76005  20140804   10     01  43.452786      1108.06   640736       T
76176  20140804   10     01  43.962101      1116.29   358450       T
78487  20140804   10     01  46.521176      1455.94   497624       T
80842  20140804   10     01  49.238173  -1215413.07   641195       T
81240  20140804   10     01  49.649859      1353.00   532082       T
81749  20140804   10     01  50.097313      1571.66   580327       T
86368  20140804   10     01  56.150844      1578.96   -28260       T
86748  20140804   10     01  56.124500  -1086063.66   415014       T
87562  20140804   10     01  57.325616      1472.37   347994       T
87709  20140803   10     01  58.790369      1366.91    72549       T
88669  20140804   10     01  59.165839      1225.40   631665       T
89765  20140804   10     02  00.385156       933.31   257283       T
89857  20140804   10     02  00.689063      1142.13    60569       T
91198  20140804   10     02  02.204680      1490.48  -574602       T
92795  20140803   10     02  04.152925      1568.98   486581       T
93670  20140804   10     02  04.978181  -1612681.96   164862       T
93948  20140804   10     02  05.123346      1434.83   506128       T
95339  20140804   10     02  06.279123      1366.62  -654163       T
97355  20140804   10     02  09.073483      1461.95   543594       T
97912  20140804   10     02  09.425116      1243.84  -313763       T
98050  20140804   10     02  09.546885      1167.14   231177       T
99830  20140804   10     02  12.840501      1043.94   503034       T     1490.48  -574602       T
2793  20140803      10      02  04.152925      1568.98   486581       T
3668  20140804      10      02  04.978181  -1612681.96   164862       T
3946  20140804      10      02  05.123346      1434.83   506128       T
5337  20140804      10      02  06.279123      1366.62  -654163       T
7353  20140804      10      02  09.073483      1461.95   543594       T
7910  20140804      10      02  09.425116      1243.84  -313763       T
8048  20140804      10      02  09.546885      1167.14   231177       T
9828  20140804      10      02  12.840501      1043.94   503034       T